500
2659
894
4831
125000000
600
3282
1596
6548
216000000
700
4374
2612
9294
343000000
800
5734
4078
12909
512000000
900
7239
6239
17268
729000000
1000
9437
11145
25550
1000000000
1100
11457
12878
30260
1331000000
1200
13588
16515
36698
1728000000
1300
15438
22166
45597
2197000000
1400
17471
30098
56545
2744000000
1500
20198
44210
74796
3375000000
1600
23283
51933
87075
4096000000
1700
25737
63988
102982
4913000000
1800
29015
77881
121591
5832000000
1900
32093
90929
139532
6859000000
2000
37824
123746
181984
8000000000
2100
42668
137133
202269
9261000000
2200
47845
164068
236762
10648000000
2300
50489
183500
262437
12167000000
2400
57273
222586
313471
13824000000
