500
125000000
1245
643
601
682
615
649
668
740
649
670
600
216000000
1225
1229
1219
1099
1244
1091
1142
1183
1078
1073
700
343000000
1724
1788
1864
1928
1720
1797
1807
1742
1776
1745
800
512000000
3017
2979
3001
2885
2967
2926
2712
2863
2627
3062
900
729000000
3711
3841
3699
3751
3689
3781
3743
3724
3805
3623
1000
1000000000
5666
5794
5825
5780
5779
5888
5763
5784
5743
5935
1100
1331000000
7010
7150
7086
7383
7082
7221
9151
7483
7450
7952
1200
1728000000
11884
11955
11090
12951
10525
9460
9063
9006
9122
9180
1300
2197000000
12703
12331
13282
13075
12762
12792
12655
12902
13646
13770
1400
2744000000
17135
17108
17010
17123
17043
17453
17621
17290
18261
17405
1500
3375000000
24504
24398
24422
24517
24736
24247
24118
24472
24336
24701
1600
4096000000
29350
28854
28843
29067
28878
28509
28037
27941
28197
28224
1700
4913000000
35440
35323
35535
35096
35213
35334
35092
35199
35245
34942
1800
5832000000
43783
43452
43457
51366
43447
43238
43353
43803
43319
43139
1900
6859000000
52264
52361
51929
52131
52511
52279
52111
51830
52362
51961
2000
8000000000
64918
64307
64158
63874
64332
65023
64570
65114
64972
64808
2100
9261000000
73857
74191
73854
73520
73832
73847
73374
74138
73556
73567
2200
10648000000
85978
85852
86280
85962
86343
85774
86186
86427
87102
94400
