500
125000000
1043
493
412
392
381
405
431
485
435
464
600
216000000
665
717
760
879
761
799
794
740
685
727
700
343000000
1457
1185
1189
1126
1186
1054
1091
1096
1063
1052
800
512000000
1592
1493
1599
1673
1666
1684
1596
1630
1648
1661
900
729000000
2151
2164
2097
2172
2341
2672
2801
2209
2385
2257
1000
1000000000
3592
3927
3805
4122
3761
3612
3634
3646
3432
4727
1100
1331000000
4985
4285
4344
4682
4841
4957
5853
5093
4376
4222
1200
1728000000
5595
5931
5747
5878
5702
5760
5691
5940
6263
5958
1300
2197000000
7867
7473
7631
7707
7425
7755
8045
7587
7853
8164
1400
2744000000
10715
12346
10994
10044
10391
9837
10051
10455
10910
10751
1500
3375000000
14565
14722
14223
14282
14867
15697
16161
16839
14575
14155
1600
4096000000
16603
16203
16987
16685
16196
17087
17170
16614
16995
15696
1700
4913000000
19984
19619
24339
23055
23481
34930
22064
22088
21347
19919
1800
5832000000
23858
24040
23912
23626
23881
23687
24310
24014
23696
23898
1900
6859000000
28670
28276
28636
28588
30309
31518
31424
30426
29895
28514
2000
8000000000
34971
38304
37855
38426
37531
37322
37357
39203
37925
38949
2100
9261000000
44480
41499
42875
41812
41403
40176
39964
39907
41305
39731
2200
10648000000
46160
46653
46507
46713
46058
46678
46710
46571
46734
47003
