500
125000000
586
378
344
349
343
362
372
338
320
352
600
216000000
533
527
557
513
562
540
531
538
540
521
700
343000000
830
838
826
862
899
902
841
869
824
847
800
512000000
1206
1078
1212
1144
1174
1196
1156
1117
1106
1097
900
729000000
1565
1518
1599
1676
1564
2036
1859
1993
4003
4143
1000
1000000000
6360
4764
4628
3979
3693
2641
3389
4023
3152
2799
1100
1331000000
3067
3522
3412
3429
3509
3041
3410
3157
2901
3014
1200
1728000000
3896
4456
4291
4394
3884
4484
4921
4723
4088
3876
1300
2197000000
5850
5383
5968
5755
5637
5923
5519
5269
5339
5275
1400
2744000000
7044
7298
7504
7021
7413
6919
7425
6967
6322
8726
1500
3375000000
9377
8844
8345
8330
8534
8557
8294
8806
8549
9956
1600
4096000000
10584
12596
11976
12119
12249
12675
12249
12622
11428
12084
1700
4913000000
13750
14062
13438
13201
15154
14199
17695
13605
13575
13134
1800
5832000000
16580
16981
15659
17565
17054
15913
16624
17291
16793
17278
1900
6859000000
20472
20032
19983
21312
18953
19851
19767
19473
19091
18875
2000
8000000000
22850
23798
28500
26434
24675
23906
24203
24660
25004
24652
2100
9261000000
28793
27385
27920
26440
26396
26073
28630
27168
29379
27641
2200
10648000000
32676
32644
33853
32019
31694
30494
31769
31147
30793
31241
