500
125000000
953
315
474
498
345
438
529
358
441
488
600
216000000
571
645
614
642
712
699
668
695
800
735
700
343000000
946
1002
851
1077
825
826
1103
844
823
1254
800
512000000
1507
1765
1352
1186
1500
1406
1404
1311
1611
1844
900
729000000
1616
2002
2130
1893
1814
1742
1685
1543
1744
1613
1000
1000000000
2483
2426
2401
2797
2578
2719
2423
2389
2828
2605
1100
1331000000
3448
4139
3201
3029
3016
3129
3255
3231
2964
3131
1200
1728000000
4606
4683
4632
3893
4408
4196
4373
4315
3851
4126
1300
2197000000
5283
5218
5127
5775
7175
5458
5561
5988
4994
5448
1400
2744000000
6808
7390
6812
6501
6823
6823
6570
6622
6177
6325
1500
3375000000
7537
7256
7766
7819
7535
8143
7798
7916
8481
7549
1600
4096000000
9567
9753
10481
9265
10207
10225
9389
9148
9683
9662
1700
4913000000
12152
11798
11782
11004
11096
10425
10766
10870
10613
10779
1800
5832000000
12620
12912
12799
12629
12839
12694
13177
12798
12817
12446
1900
6859000000
15299
16876
15501
14802
14804
14742
14690
14822
14649
14632
2000
8000000000
17757
17841
17275
18038
17612
17452
17603
17727
17564
17881
2100
9261000000
20527
21067
20073
20209
20752
20112
20447
20171
20327
20082
2200
10648000000
23251
23072
23144
23247
23203
23511
23163
23082
23722
23542
