500
125000000
1360
679
650
635
653
652
642
652
641
679
600
216000000
1129
1096
1115
1135
1117
1097
1098
1190
1188
1162
700
343000000
1887
2427
1962
2200
2682
2133
2123
2145
2142
2162
800
512000000
3368
2741
3519
3442
3262
3120
3334
3561
3261
2732
900
729000000
4549
4481
4062
4128
4504
4009
4256
4089
4584
4523
1000
1000000000
6080
6299
6252
6166
6260
6521
7317
7122
6308
6307
1100
1331000000
7779
7779
7805
7768
7533
8278
8361
7962
9480
8354
1200
1728000000
10671
12228
11380
11546
11936
12880
12278
12532
12173
12774
1300
2197000000
16410
16668
16137
16544
16803
16373
16752
16255
17038
16356
1400
2744000000
18119
17766
18880
18784
18438
18488
19381
18765
19631
19138
1500
3375000000
27403
26949
25430
26318
29689
28260
26286
29590
30557
25582
1600
4096000000
29570
29175
29199
30640
30860
30196
30803
29074
31067
29310
1700
4913000000
39141
41415
46400
43272
63091
40185
37510
39397
39226
39561
1800
5832000000
49715
47506
47403
48227
46422
45736
45990
49109
49163
46450
1900
6859000000
56772
54655
59255
57541
56583
58578
57486
58135
56991
58053
2000
8000000000
73368
71279
71584
69897
68054
66329
68121
70054
73430
68513
2100
9261000000
78669
79877
80299
81536
83182
83356
82988
79751
78029
78764
2200
10648000000
92226
92335
93954
96166
96837
96543
92987
97564
101474
93971
